#Wed Dec 22 14:38:33 CET 2021
widthPNG=2486
constant=-0.8;0.156
RADIUS=2.0
func=QUADRATIC
fract=JULIA
color=RED
heightPNG=1070
maxIter=200
complexRect=-2.216046222482264\:-0.9396193529974279\:4.545454545454545\:1.9564104439406127
countThreads=8
