#Wed Dec 22 14:37:51 CET 2021
widthPNG=2486
constant=0.285;0.01
RADIUS=2.0
func=QUADRATIC
fract=JULIA
color=RED
heightPNG=1070
maxIter=100
complexRect=-2.5639448681209815\:-1.1116280875256497\:5.165289256198347\:2.2231936862961508
countThreads=8
