#Wed Dec 22 14:36:22 CET 2021
widthPNG=2486
constant=0.377;-0.248
RADIUS=2.0
func=QUADRATIC
fract=JULIA
color=BLUE
heightPNG=1070
maxIter=200
complexRect=-2.5646805940752526\:-1.1859773792212647\:5.561201336499845\:2.3935983226286552
countThreads=8
