#Wed Dec 22 14:37:30 CET 2021
widthPNG=2486
constant=-0.0085;0.71
RADIUS=2.0
func=QUADRATIC
fract=JULIA
color=BLUE
heightPNG=1070
maxIter=1000
complexRect=-2.804963996728788\:-1.2703369213369142\:5.869646882043575\:2.526356461700171
countThreads=8
